6.376347 1.551475 -1.973380 -2.455173 -0.403340 0.411894 -0.192837 1.100517 0.804086 -1.130630 -0.829407 0.263597 0.028601 -0.991466 -0.930513 -0.204736 0.428353 -1.543212 2.041621 0.066380 0.344929 -2.825616 0.114909 0.857502 -3.135967 2.237221 -1.672758 0.000000 0.000000 -2.271317 -1.870111 0.930138 -2.946742 0.450084 4.161593 0.134283 0.000000 -2.267486 0.000000 0.000000 0.000000 -2.026224 -1.632082 0.545718 -1.036954 1.551475 5.872486 0.942330 -4.868537 -1.731043 2.616594 -0.372090 -1.872040 1.302592 0.534135 -1.309845 1.203523 2.117575 -1.005780 -2.846510 -2.371953 1.540013 -0.766305 2.229904 -0.133216 0.356082 -1.711032 0.607990 0.714973 1.532918 1.112491 -3.317040 0.000000 0.000000 -2.350661 -0.647749 -1.567717 1.734224 0.178134 -0.514519 0.898344 0.000000 0.696590 0.000000 0.000000 0.000000 0.388437 1.193457 -1.820986 -0.689857 -1.973380 0.942330 1.221306 -0.129897 -0.358505 0.537987 0.182499 -0.759950 -0.182234 0.353291 0.209466 0.445757 0.351125 -0.053998 -0.227820 -0.453525 0.125580 -0.447455 0.068858 -0.028774 -0.297242 0.962670 -0.315360 -0.003435 3.331203 -0.407555 2.663617 0.000000 0.000000 0.156307 0.175644 -0.638709 1.525366 -0.305300 -2.142488 0.235704 0.000000 2.125793 0.000000 0.000000 0.000000 0.833540 0.537024 -0.454966 0.029674 -2.455173 -4.868537 -0.129897 5.057105 1.843812 -2.383997 0.427006 1.764183 -1.532375 -0.838489 1.682150 -0.927204 -2.634114 0.867903 3.064744 1.990502 -1.426275 0.721290 -1.925333 0.240981 -0.283139 1.891309 -0.691704 -1.509005 2.238393 -1.404249 5.501467 0.000000 0.000000 1.784819 0.967747 1.071577 -1.172915 0.343373 -0.137388 -1.355790 0.000000 0.553627 0.000000 0.000000 0.000000 -0.171967 -0.569744 1.304858 0.365608 -0.403340 -1.731043 -0.358505 1.843812 1.064058 -0.810264 -0.047715 0.683559 -0.469368 -0.382313 0.418182 -0.732138 -1.129057 0.454893 1.048949 0.725259 -0.220407 0.795499 -0.409735 -0.337031 0.274041 -0.151087 0.151280 -0.960730 1.473300 -0.742162 3.734146 0.000000 0.000000 -0.481839 0.813571 0.149858 -1.145752 0.584749 1.003432 -0.940005 0.000000 -0.877945 0.000000 0.000000 0.000000 -0.307908 0.017433 0.572866 -0.042216 0.411894 2.616594 0.537987 -2.383997 -0.810264 1.703388 -0.114949 -1.455514 0.652234 0.693650 -0.837491 0.446320 1.385875 -0.611710 -1.768576 -0.874685 1.110398 -0.381868 1.878273 -0.614697 0.229637 -0.861324 0.337848 0.584732 2.899506 0.613981 1.563871 0.000000 0.000000 -2.015052 0.016867 -0.981919 0.730003 0.045343 0.282794 1.366234 0.000000 0.193943 0.000000 0.000000 0.000000 0.826640 0.718361 -0.968335 -0.257844 -0.192837 -0.372090 0.182499 0.427006 -0.047715 -0.114949 0.520543 0.247067 -0.673262 -0.082988 0.661917 -0.026312 -0.437864 0.016675 0.120847 0.068219 0.002666 -0.031205 -0.588254 -0.143690 -0.827471 -0.223757 0.306996 0.164397 3.487880 -0.523240 -0.420256 0.000000 0.000000 0.788260 -0.735344 0.499286 -0.241695 -0.001387 -0.785989 0.541290 0.000000 1.261168 0.000000 0.000000 0.000000 -0.327407 -1.088612 0.466655 0.006236 1.100517 -1.872040 -0.759950 1.764183 0.683559 -1.455514 0.247067 2.087579 -0.358837 -1.391135 0.688961 -0.218091 -1.809077 -0.045975 1.287731 0.584129 -0.936417 -0.694503 -0.944775 0.558213 -0.584082 0.332072 -0.354559 0.193676 -2.179379 -0.044864 -0.797965 0.000000 0.000000 1.511223 -0.659614 1.357157 -1.386005 -0.251689 -0.322654 -1.612624 0.000000 -1.035009 0.000000 0.000000 0.000000 -0.943825 -1.759632 1.395801 -0.068869 0.804086 1.302592 -0.182234 -1.532375 -0.469368 0.652234 -0.673262 -0.358837 1.672443 0.164146 -1.425792 0.263463 0.904647 -0.521483 -0.867447 -0.509155 -0.003549 -0.650017 1.772693 0.399542 0.959129 0.419397 -0.748913 1.049697 -8.593966 1.505872 -0.264963 0.000000 0.000000 -1.524260 0.790406 -0.828741 0.595844 -0.853841 0.505491 0.063417 0.000000 -2.387098 0.000000 0.000000 0.000000 1.525443 1.526104 -0.957109 0.125527 -1.130630 0.534135 0.353291 -0.838489 -0.382313 0.693650 -0.082988 -1.391135 0.164146 1.506221 -0.356963 -0.624056 1.212343 0.865947 -0.590840 -0.509741 0.389508 1.403035 -0.601449 -0.537527 0.439660 -0.869649 0.372896 -0.057624 -3.735690 -0.745336 0.745718 0.000000 0.000000 -0.875648 0.166312 -1.262713 0.610725 -0.164395 -0.453599 1.703483 0.000000 0.981067 0.000000 0.000000 0.000000 0.302150 1.366412 -0.736324 0.483639 -0.829407 -1.309845 0.209466 1.682150 0.418182 -0.837491 0.661917 0.688961 -1.425792 -0.356963 1.520422 -0.131730 -1.350579 0.282068 1.145604 0.460161 -0.336611 0.193307 -1.897573 0.154582 -0.668544 0.100654 0.174221 -1.074558 4.651630 -1.044784 -1.174229 0.000000 0.000000 2.436218 -1.159792 0.738993 -0.128338 1.029415 -0.550905 0.134964 0.000000 1.903012 0.000000 0.000000 0.000000 -1.833721 -1.679023 0.387937 0.174621 0.263597 1.203523 0.445757 -0.927204 -0.732138 0.446320 -0.026312 -0.218091 0.263463 -0.624056 -0.131730 1.901012 0.712862 -1.666598 -0.727340 0.309413 0.276840 -2.196976 1.588929 0.738784 -0.074782 2.284206 -0.954100 0.647574 6.214381 1.943932 -3.821450 0.000000 0.000000 1.897144 -0.397544 0.921299 1.466465 0.035095 -0.248915 0.324912 0.000000 -0.220460 0.000000 0.000000 0.000000 0.000008 -0.334331 -0.607799 -0.279026 0.028601 2.117575 0.351125 -2.634114 -1.129057 1.385875 -0.437864 -1.809077 0.904647 1.212343 -1.350579 0.712862 2.982778 -0.170652 -2.172888 -0.548060 1.202045 0.167322 1.292993 -0.769518 0.373997 0.059618 0.046471 1.570116 1.494488 0.712146 -0.016369 0.000000 0.000000 -1.362082 0.417018 -0.577294 0.860359 -1.308199 -1.469583 1.694505 0.000000 -0.205600 0.000000 0.000000 0.000000 0.973466 2.029093 -0.213240 -0.233086 -0.991466 -1.005780 -0.053998 0.867903 0.454893 -0.611710 0.016675 -0.045975 -0.521483 0.865947 0.282068 -1.666598 -0.170652 2.410753 1.300908 -0.682144 -0.974891 1.968553 -2.455343 -0.299704 -0.357944 -1.674146 1.007441 -0.643701 -6.277451 -2.475751 3.323275 0.000000 0.000000 -1.487034 0.912241 -1.267608 -1.090629 -0.826055 -1.278024 -1.164115 0.000000 2.269209 0.000000 0.000000 0.000000 -0.297282 1.491494 1.018673 0.120483 -0.930513 -2.846510 -0.227820 3.064744 1.048949 -1.768576 0.120847 1.287731 -0.867447 -0.590840 1.145604 -0.727340 -2.172888 1.300908 3.604128 0.801299 -2.605506 -0.578223 -1.606167 1.469225 0.347286 0.768792 -0.310473 -2.343617 -5.654030 -0.372185 1.557914 0.000000 0.000000 1.232480 0.228003 -0.215647 -0.097915 0.700600 0.705336 -2.343813 0.000000 2.252930 0.000000 0.000000 0.000000 -0.766632 0.666546 0.541742 0.426809 -0.204736 -2.371953 -0.453525 1.990502 0.725259 -0.874685 0.068219 0.584129 -0.509155 -0.509741 0.460161 0.309413 -0.548060 -0.682144 0.801299 1.987870 0.042881 -0.256341 0.820697 -0.117108 0.746877 1.330580 -0.703715 -0.678080 5.746701 1.229821 1.556633 0.000000 0.000000 1.234587 -0.320342 1.334670 0.035859 0.959059 1.189840 0.785287 0.000000 -1.408781 0.000000 0.000000 0.000000 -0.398265 0.007823 0.330097 0.132950 0.428353 1.540013 0.125580 -1.426275 -0.220407 1.110398 0.002666 -0.936417 -0.003549 0.389508 -0.336611 0.276840 1.202045 -0.974891 -2.605506 0.042881 2.710567 1.496178 1.008713 -1.737492 0.080628 -1.087132 0.344992 0.767310 9.755297 -0.137307 0.932736 0.000000 0.000000 -1.098551 -0.392222 0.487317 -0.164780 0.652483 0.358248 2.175186 0.000000 -1.839573 0.000000 0.000000 0.000000 -0.707004 -0.323026 -0.460210 -0.489678 -1.543212 -0.766305 -0.447455 0.721290 0.795499 -0.381868 -0.031205 -0.694503 -0.650017 1.403035 0.193307 -2.196976 0.167322 1.968553 -0.578223 -0.256341 1.496178 11.030746 -2.417459 -0.572962 -1.454789 -4.320935 4.929486 -1.205825 3.273432 -3.960822 -23.408497 0.000000 0.000000 -3.692849 3.933726 1.438238 -3.958413 -0.533636 2.453621 1.427496 0.000000 0.186851 0.000000 0.000000 0.000000 3.854393 5.396142 0.158882 -0.362080 2.041621 2.229904 0.068858 -1.925333 -0.409735 1.878273 -0.588254 -0.944775 1.772693 -0.601449 -1.897573 1.588929 1.292993 -2.455343 -1.606167 0.820697 1.008713 -2.417459 7.790759 -0.566932 1.338601 1.004870 -0.765354 1.592647 11.137465 4.439168 8.502883 0.000000 0.000000 -5.515125 2.417778 -0.857031 1.241952 0.155039 2.945796 1.552329 0.000000 -4.275247 0.000000 0.000000 0.000000 3.439183 3.918076 -1.711766 -1.278788 0.066380 -0.133216 -0.028774 0.240981 -0.337031 -0.614697 -0.143690 0.558213 0.399542 -0.537527 0.154582 0.738784 -0.769518 -0.299704 1.469225 -0.117108 -1.737492 -0.572962 -0.566932 2.668287 -0.382689 1.681450 -0.512507 -0.760786 -8.495794 0.979249 -12.409626 0.000000 0.000000 2.026347 0.325569 0.767691 0.635388 -0.364214 1.651877 -1.736539 0.000000 1.638852 0.000000 0.000000 0.000000 0.023061 1.377552 -0.795987 0.297220 0.344929 0.356082 -0.297242 -0.283139 0.274041 0.229637 -0.827471 -0.584082 0.959129 0.439660 -0.668544 -0.074782 0.373997 -0.357944 0.347286 0.746877 0.080628 -1.454789 1.338601 -0.382689 4.737432 -0.514833 -1.520166 -2.382955 -8.961471 2.769541 8.321444 0.000000 0.000000 0.549996 -2.748961 -1.757346 1.603182 2.843824 0.231038 2.968012 0.000000 -2.732517 0.000000 0.000000 0.000000 -0.932825 0.207995 -1.493506 1.130777 -2.825616 -1.711032 0.962670 1.891309 -0.151087 -0.861324 -0.223757 0.332072 0.419397 -0.869649 0.100654 2.284206 0.059618 -1.674146 0.768792 1.330580 -1.087132 -4.320935 1.004870 1.681450 -0.514833 7.611691 -4.055203 1.787386 1.095662 1.814983 4.291075 0.000000 0.000000 4.043848 2.326511 0.436314 3.175132 -1.404828 -0.801020 -1.540929 0.000000 -1.349859 0.000000 0.000000 0.000000 0.179776 -0.266652 -1.463576 0.215372 0.114909 0.607990 -0.315360 -0.691704 0.151280 0.337848 0.306996 -0.354559 -0.748913 0.372896 0.174221 -0.954100 0.046471 1.007441 -0.310473 -0.703715 0.344992 4.929486 -0.765354 -0.512507 -1.520166 -4.055203 5.258691 -1.096670 10.091091 -2.067698 -17.923579 0.000000 0.000000 -1.345745 1.219215 1.077750 -1.729842 0.377568 0.286078 -0.613595 0.000000 0.563539 0.000000 0.000000 0.000000 2.905759 1.345927 1.486746 -0.241186 0.857502 0.714973 -0.003435 -1.509005 -0.960730 0.584732 0.164397 0.193676 1.049697 -0.057624 -1.074558 0.647574 1.570116 -0.643701 -2.343617 -0.678080 0.767310 -1.205825 1.592647 -0.760786 -2.382955 1.787386 -1.096670 5.563193 0.815585 0.039205 4.241703 0.000000 0.000000 -1.547965 2.249834 0.138806 -1.033553 -4.050133 -2.741730 0.920920 0.000000 -2.934496 0.000000 0.000000 0.000000 1.012753 0.422365 0.682926 -0.871702 -3.135967 1.532918 3.331203 2.238393 1.473300 2.899506 3.487880 -2.179379 -8.593966 -3.735690 4.651630 6.214381 1.494488 -6.277451 -5.654030 5.746701 9.755297 3.273432 11.137465 -8.495794 -8.961471 1.095662 10.091091 0.815585 160.057601 -1.462012 -1.383031 0.000000 0.000000 -2.070781 6.419321 8.709472 2.155743 5.884047 -0.881007 0.450183 0.000000 -0.913537 0.000000 0.000000 0.000000 0.714864 0.734776 4.655041 -7.240448 2.237221 1.112491 -0.407555 -1.404249 -0.742162 0.613981 -0.523240 -0.044864 1.505872 -0.745336 -1.044784 1.943932 0.712146 -2.475751 -0.372185 1.229821 -0.137307 -3.960822 4.439168 0.979249 2.769541 1.814983 -2.067698 0.039205 -1.462012 5.448408 -0.085726 0.000000 0.000000 1.097867 -2.129911 0.158077 2.916024 1.543896 1.468308 2.154268 0.000000 -3.448639 0.000000 0.000000 0.000000 -0.118672 0.930624 -1.744087 0.301129 -1.672758 -3.317040 2.663617 5.501467 3.734146 1.563871 -0.420256 -0.797965 -0.264963 0.745718 -1.174229 -3.821450 -0.016369 3.323275 1.557914 1.556633 0.932736 -23.408497 8.502883 -12.409626 8.321444 4.291075 -17.923579 4.241703 -1.383031 -0.085726 194.509064 0.000000 0.000000 -19.137964 -1.847460 -16.235809 0.496108 -1.091832 -10.710777 1.603706 0.000000 0.656739 0.000000 0.000000 0.000000 -8.003055 -9.057988 2.214809 -2.506007 0.000000 0.000000 0.000000 0.000000 0.000000 0.000000 0.000000 0.000000 0.000000 0.000000 0.000000 0.000000 0.000000 0.000000 0.000000 0.000000 0.000000 0.000000 0.000000 0.000000 0.000000 0.000000 0.000000 0.000000 0.000000 0.000000 0.000000 0.000000 0.000000 0.000000 0.000000 0.000000 0.000000 0.000000 0.000000 0.000000 0.000000 0.000000 0.000000 0.000000 0.000000 0.000000 0.000000 0.000000 0.000000 0.000000 0.000000 0.000000 0.000000 0.000000 0.000000 0.000000 0.000000 0.000000 0.000000 0.000000 0.000000 0.000000 0.000000 0.000000 0.000000 0.000000 0.000000 0.000000 0.000000 0.000000 0.000000 0.000000 0.000000 0.000000 0.000000 0.000000 0.000000 0.000000 0.000000 0.000000 0.000000 0.000000 0.000000 0.000000 0.000000 0.000000 0.000000 0.000000 0.000000 0.000000 0.000000 0.000000 0.000000 0.000000 -2.271317 -2.350661 0.156307 1.784819 -0.481839 -2.015052 0.788260 1.511223 -1.524260 -0.875648 2.436218 1.897144 -1.362082 -1.487034 1.232480 1.234587 -1.098551 -3.692849 -5.515125 2.026347 0.549996 4.043848 -1.345745 -1.547965 -2.070781 1.097867 -19.137964 0.000000 0.000000 15.573420 -6.859679 2.965889 4.858927 2.947394 -4.814038 0.820319 0.000000 -0.774029 0.000000 0.000000 0.000000 -6.412999 -7.464162 0.119209 2.852171 -1.870111 -0.647749 0.175644 0.967747 0.813571 0.016867 -0.735344 -0.659614 0.790406 0.166312 -1.159792 -0.397544 0.417018 0.912241 0.228003 -0.320342 -0.392222 3.933726 2.417778 0.325569 -2.748961 2.326511 1.219215 2.249834 6.419321 -2.129911 -1.847460 0.000000 0.000000 -6.859679 10.641215 -1.311545 -2.128026 -3.108292 4.585397 -3.557805 0.000000 -2.792894 0.000000 0.000000 0.000000 5.546326 6.507611 -1.496037 -1.786493 0.930138 -1.567717 -0.638709 1.071577 0.149858 -0.981919 0.499286 1.357157 -0.828741 -1.262713 0.738993 0.921299 -0.577294 -1.267608 -0.215647 1.334670 0.487317 1.438238 -0.857031 0.767691 -1.757346 0.436314 1.077750 0.138806 8.709472 0.158077 -16.235809 0.000000 0.000000 2.965889 -1.311545 4.606903 -2.462784 -0.788429 0.259127 -0.415960 0.000000 0.869182 0.000000 0.000000 0.000000 0.101087 -1.149952 2.556117 -0.341489 -2.946742 1.734224 1.525366 -1.172915 -1.145752 0.730003 -0.241695 -1.386005 0.595844 0.610725 -0.128338 1.466465 0.860359 -1.090629 -0.097915 0.035859 -0.164780 -3.958413 1.241952 0.635388 1.603182 3.175132 -1.729842 -1.033553 2.155743 2.916024 0.496108 0.000000 0.000000 4.858927 -2.128026 -2.462784 12.343069 3.422683 -2.467140 -1.933961 0.000000 -1.850780 0.000000 0.000000 0.000000 -2.025081 0.253000 -4.341958 1.586193 0.450084 0.178134 -0.305300 0.343373 0.584749 0.045343 -0.001387 -0.251689 -0.853841 -0.164395 1.029415 0.035095 -1.308199 -0.826055 0.700600 0.959059 0.652483 -0.533636 0.155039 -0.364214 2.843824 -1.404828 0.377568 -4.050133 5.884047 1.543896 -1.091832 0.000000 0.000000 2.947394 -3.108292 -0.788429 3.422683 5.937073 3.459206 1.268804 0.000000 -2.159111 0.000000 0.000000 0.000000 -3.051575 -2.914439 -2.700083 0.970901 4.161593 -0.514519 -2.142488 -0.137388 1.003432 0.282794 -0.785989 -0.322654 0.505491 -0.453599 -0.550905 -0.248915 -1.469583 -1.278024 0.705336 1.189840 0.358248 2.453621 2.945796 1.651877 0.231038 -0.801020 0.286078 -2.741730 -0.881007 1.468308 -10.710777 0.000000 0.000000 -4.814038 4.585397 0.259127 -2.467140 3.459206 16.887765 -1.846507 0.000000 -2.849999 0.000000 0.000000 0.000000 0.402487 0.783731 -4.626165 -0.996466 0.134283 0.898344 0.235704 -1.355790 -0.940005 1.366234 0.541290 -1.612624 0.063417 1.703483 0.134964 0.324912 1.694505 -1.164115 -2.343813 0.785287 2.175186 1.427496 1.552329 -1.736539 2.968012 -1.540929 -0.613595 0.920920 0.450183 2.154268 1.603706 0.000000 0.000000 0.820319 -3.557805 -0.415960 -1.933961 1.268804 -1.846507 12.095025 0.000000 -1.820390 0.000000 0.000000 0.000000 0.285829 -0.202148 -1.597460 0.973559 0.000000 0.000000 0.000000 0.000000 0.000000 0.000000 0.000000 0.000000 0.000000 0.000000 0.000000 0.000000 0.000000 0.000000 0.000000 0.000000 0.000000 0.000000 0.000000 0.000000 0.000000 0.000000 0.000000 0.000000 0.000000 0.000000 0.000000 0.000000 0.000000 0.000000 0.000000 0.000000 0.000000 0.000000 0.000000 0.000000 0.000000 0.000000 0.000000 0.000000 0.000000 0.000000 0.000000 0.000000 0.000000 -2.267486 0.696590 2.125793 0.553627 -0.877945 0.193943 1.261168 -1.035009 -2.387098 0.981067 1.903012 -0.220460 -0.205600 2.269209 2.252930 -1.408781 -1.839573 0.186851 -4.275247 1.638852 -2.732517 -1.349859 0.563539 -2.934496 -0.913537 -3.448639 0.656739 0.000000 0.000000 -0.774029 -2.792894 0.869182 -1.850780 -2.159111 -2.849999 -1.820390 0.000000 17.317857 0.000000 0.000000 0.000000 0.716969 0.094611 2.790506 -0.520217 0.000000 0.000000 0.000000 0.000000 0.000000 0.000000 0.000000 0.000000 0.000000 0.000000 0.000000 0.000000 0.000000 0.000000 0.000000 0.000000 0.000000 0.000000 0.000000 0.000000 0.000000 0.000000 0.000000 0.000000 0.000000 0.000000 0.000000 0.000000 0.000000 0.000000 0.000000 0.000000 0.000000 0.000000 0.000000 0.000000 0.000000 0.000000 0.000000 0.000000 0.000000 0.000000 0.000000 0.000000 0.000000 0.000000 0.000000 0.000000 0.000000 0.000000 0.000000 0.000000 0.000000 0.000000 0.000000 0.000000 0.000000 0.000000 0.000000 0.000000 0.000000 0.000000 0.000000 0.000000 0.000000 0.000000 0.000000 0.000000 0.000000 0.000000 0.000000 0.000000 0.000000 0.000000 0.000000 0.000000 0.000000 0.000000 0.000000 0.000000 0.000000 0.000000 0.000000 0.000000 0.000000 0.000000 0.000000 0.000000 0.000000 0.000000 0.000000 0.000000 0.000000 0.000000 0.000000 0.000000 0.000000 0.000000 0.000000 0.000000 0.000000 0.000000 0.000000 0.000000 0.000000 0.000000 0.000000 0.000000 0.000000 0.000000 0.000000 0.000000 0.000000 0.000000 0.000000 0.000000 0.000000 0.000000 0.000000 0.000000 0.000000 0.000000 0.000000 0.000000 0.000000 0.000000 0.000000 0.000000 0.000000 0.000000 0.000000 0.000000 0.000000 0.000000 0.000000 -2.026224 0.388437 0.833540 -0.171967 -0.307908 0.826640 -0.327407 -0.943825 1.525443 0.302150 -1.833721 0.000008 0.973466 -0.297282 -0.766632 -0.398265 -0.707004 3.854393 3.439183 0.023061 -0.932825 0.179776 2.905759 1.012753 0.714864 -0.118672 -8.003055 0.000000 0.000000 -6.412999 5.546326 0.101087 -2.025081 -3.051575 0.402487 0.285829 0.000000 0.716969 0.000000 0.000000 0.000000 18.400716 -1.312099 -0.366192 -0.150672 -1.632082 1.193457 0.537024 -0.569744 0.017433 0.718361 -1.088612 -1.759632 1.526104 1.366412 -1.679023 -0.334331 2.029093 1.491494 0.666546 0.007823 -0.323026 5.396142 3.918076 1.377552 0.207995 -0.266652 1.345927 0.422365 0.734776 0.930624 -9.057988 0.000000 0.000000 -7.464162 6.507611 -1.149952 0.253000 -2.914439 0.783731 -0.202148 0.000000 0.094611 0.000000 0.000000 0.000000 -1.312099 19.356209 -0.473704 -1.603624 0.545718 -1.820986 -0.454966 1.304858 0.572866 -0.968335 0.466655 1.395801 -0.957109 -0.736324 0.387937 -0.607799 -0.213240 1.018673 0.541742 0.330097 -0.460210 0.158882 -1.711766 -0.795987 -1.493506 -1.463576 1.486746 0.682926 4.655041 -1.744087 2.214809 0.000000 0.000000 0.119209 -1.496037 2.556117 -4.341958 -2.700083 -4.626165 -1.597460 0.000000 2.790506 0.000000 0.000000 0.000000 -0.366192 -0.473704 5.684568 -0.558600 -1.036954 -0.689857 0.029674 0.365608 -0.042216 -0.257844 0.006236 -0.068869 0.125527 0.483639 0.174621 -0.279026 -0.233086 0.120483 0.426809 0.132950 -0.489678 -0.362080 -1.278788 0.297220 1.130777 0.215372 -0.241186 -0.871702 -7.240448 0.301129 -2.506007 0.000000 0.000000 2.852171 -1.786493 -0.341489 1.586193 0.970901 -0.996466 0.973559 0.000000 -0.520217 0.000000 0.000000 0.000000 -0.150672 -1.603624 -0.558600 1.362905 