23.892418 3.757465 -4.780406 -2.768862 0.877486 0.496994 -0.996259 -0.915750 -0.652131 -0.228416 -1.531740 -2.017586 0.467434 1.234342 -4.800768 -5.059120 3.846953 -1.477898 1.079261 0.536584 4.665933 1.281849 0.814708 6.050812 -0.589024 -2.899480 -0.053062 -5.017874 3.385627 1.065464 -1.096480 -0.531925 6.372434 2.478973 3.694443 1.830429 -0.066465 -0.722439 -0.028431 1.753623 0.626686 3.086201 -0.125707 2.693888 -7.984080 3.757465 6.572483 -0.336760 -2.551130 1.803502 -0.698478 -1.409089 1.318834 -0.229816 -1.421908 -0.495596 1.993397 0.741387 -2.081443 1.110123 -0.701218 -3.417177 -2.854729 -2.174461 -0.697985 0.307032 3.399632 -1.175871 2.510985 -0.337205 1.555959 0.392823 3.487958 3.291070 2.972697 0.784148 -1.794412 4.031074 4.072648 5.156358 -0.238609 -0.057588 3.074639 -0.030234 3.225046 0.109613 -2.000691 1.744986 -3.522488 -1.765548 -4.780406 -0.336760 2.437432 1.133947 -1.103622 -0.704521 0.450716 0.696603 0.499343 0.103202 0.166167 0.507711 -0.610387 -1.092376 1.944934 1.489714 -2.763356 0.312327 -0.210871 -0.875322 -0.548177 -0.342528 0.132786 -1.076686 -0.009667 -0.604075 -0.350974 -1.739183 -1.356212 0.186406 -0.118929 0.220507 -0.842138 0.287218 0.664723 -0.894087 0.043613 9.048769 -0.007697 0.702237 -0.293842 -0.304581 -0.121299 -0.591678 1.635712 -2.768862 -2.551130 1.133947 2.031750 -0.870028 -0.811559 0.370648 0.276721 0.544752 0.538591 0.067516 -0.792676 -0.532016 0.434256 0.409494 0.969509 0.161650 0.648142 0.801317 -0.389050 0.048942 -0.890239 0.617626 -0.586366 0.350400 -2.137757 -0.478492 -3.023407 -0.512841 -1.100810 0.654763 1.294624 -2.780632 -0.750284 -1.763605 -0.168487 0.111457 3.932282 0.055417 0.607841 -0.244827 0.956034 -0.984690 1.224616 0.768689 0.877486 1.803502 -1.103622 -0.870028 2.407996 0.178782 -1.739726 0.295909 0.515476 -0.721755 -0.297441 0.689182 0.134024 -0.064653 0.610094 -0.406813 -1.050679 -1.944479 -1.040311 0.452996 0.124284 1.543893 -0.716482 -0.264922 -0.136283 0.430761 0.123392 2.972861 1.335021 1.051693 0.065489 -1.137587 -0.503279 2.340232 2.346597 -0.276004 0.017982 -7.832882 0.087000 3.658855 -0.304143 -0.131589 0.312807 -1.970496 -0.546845 0.496994 -0.698478 -0.704521 -0.811559 0.178782 2.099553 0.585354 -1.947840 -0.425278 0.489606 -0.430019 0.022371 0.391036 0.447358 -0.342441 -0.437756 0.529931 -0.163474 0.700259 0.414776 -0.686419 -2.111461 0.004086 -0.944108 -0.374863 0.109314 -0.035354 3.844791 -2.438184 -0.852951 -1.771114 -1.080465 -0.352553 -0.945178 0.781866 0.028275 -0.067188 -6.969612 0.011470 3.728036 -0.251157 -0.238536 -0.013596 0.847074 0.242182 -0.996259 -1.409089 0.450716 0.370648 -1.739726 0.585354 2.586360 -1.190286 -2.162150 1.034309 0.518635 -0.548733 0.152707 -0.547704 -0.462205 1.117015 1.326524 1.571793 1.390319 -1.043186 -1.059580 -1.963187 0.421925 1.140488 -0.241142 -1.523061 0.057910 1.554328 -2.465961 -0.916997 0.145585 0.749094 0.458413 -3.118054 -3.053955 -0.366142 -0.063519 2.448202 -0.068573 2.530098 0.029758 0.308895 0.422588 1.015047 0.517529 -0.915750 1.318834 0.696603 0.276721 0.295909 -1.947840 -1.190286 2.487456 0.983926 -0.980685 0.465701 0.225879 -0.632289 -0.472945 0.607494 0.236512 -1.037889 -0.067413 -1.348327 0.124261 0.485384 2.968444 -0.760878 0.530162 0.067918 1.741835 0.212933 -2.488007 2.584528 1.657060 0.861506 0.106615 0.987193 1.581101 -0.152214 -0.505321 -0.006594 6.657773 -0.065162 2.050145 0.259301 0.246506 0.667771 -2.211153 0.266785 -0.652131 -0.229816 0.499343 0.544752 0.515476 -0.425278 -2.162150 0.983926 3.696349 -0.573588 -1.622034 0.010061 0.293162 1.408978 0.282488 -0.945939 -1.279784 -2.462221 -0.687066 1.035833 1.591344 0.536721 -0.102794 -1.486206 0.503600 2.506850 -0.340993 -3.999038 2.987702 -0.318449 -1.350478 -1.196699 -2.175032 2.571770 3.441852 0.279979 0.042253 3.046309 -0.016892 1.238852 0.258395 -0.977697 -1.036407 0.945822 0.219796 -0.228416 -1.421908 0.103202 0.538591 -0.721755 0.489606 1.034309 -0.980685 -0.573588 0.930600 -0.140339 -0.780252 0.220909 0.287909 -0.151227 0.549869 0.500681 0.758034 1.019708 -0.348344 0.208490 -1.763961 0.768381 -0.362858 0.084805 -1.790575 -0.185974 -2.600339 -1.384381 -1.086882 -0.113004 0.788940 -0.384499 -1.190560 -0.573609 0.480540 0.001061 -0.531106 0.020886 0.642117 -0.124550 -0.590500 -1.335662 0.970631 0.126786 -1.531740 -0.495596 0.166167 0.067516 -0.297441 -0.430019 0.518635 0.465701 -1.622034 -0.140339 2.330418 0.500476 -1.713861 -1.141203 0.543586 0.805563 0.507979 2.243808 -0.487826 0.116366 -0.091029 0.341504 0.217069 -1.104866 -0.180911 0.538052 0.358290 -2.937931 -2.379196 1.037167 0.355578 1.153003 1.107369 -1.130120 -3.729674 0.649892 -0.045654 -1.532418 0.050875 -0.595469 -0.094799 1.613239 -0.102048 -1.105960 0.750834 -2.017586 1.993397 0.507711 -0.792676 0.689182 0.022371 -0.548733 0.225879 0.010061 -0.780252 0.500476 2.486186 -0.132762 -1.990155 1.319741 0.630400 -2.350645 -1.800567 -1.317128 -0.566478 -0.002453 0.987836 -0.174532 -1.028264 -0.356033 2.561230 0.223002 -0.313475 0.112414 1.315063 -0.230295 -0.835693 0.438079 1.041263 2.129374 -0.676651 -0.036785 -1.386384 0.060365 -1.473940 0.306492 1.074349 1.656967 -0.265971 0.464326 0.467434 0.741387 -0.610387 -0.532016 0.134024 0.391036 0.152707 -0.632289 0.293162 0.220909 -1.713861 -0.132762 2.617016 0.758214 -1.748203 -0.669575 1.163610 -0.895642 0.358400 -0.090545 -0.729416 -0.630766 -0.417643 0.383872 -0.243912 -0.069583 -0.108791 5.170890 2.283661 -1.159128 1.259161 -0.311234 0.660205 -0.501024 2.676835 -0.395258 0.040386 -0.280082 0.024777 -1.925283 0.277597 -1.894203 0.871840 1.005576 -0.621609 1.234342 -2.081443 -1.092376 0.434256 -0.064653 0.447358 -0.547704 -0.472945 1.408978 0.287909 -1.141203 -1.990155 0.758214 3.316206 -2.100983 -2.036294 3.505759 0.505867 0.670938 1.694819 0.124219 -1.623065 -0.057637 0.034660 0.514810 -0.152193 -0.280794 3.606195 1.265303 -2.309489 0.254118 -0.149575 -2.317190 -0.486781 -1.669827 1.065821 0.073981 -2.350900 0.006139 -1.519499 -0.156731 -2.184052 -1.621657 1.445944 -0.511255 -4.800768 1.110123 1.944934 0.409494 0.610094 -0.342441 -0.462205 0.607494 0.282488 -0.151227 0.543586 1.319741 -1.748203 -2.100983 5.580054 2.920766 -6.899594 -0.806987 -0.898893 -1.548538 -0.224735 2.452648 0.445025 0.376356 0.944701 -0.812431 0.065747 -8.798503 -1.030740 1.295031 -0.947281 0.418300 -1.207493 2.596829 2.308629 -0.853605 -0.076698 -1.820303 -0.031791 3.041089 -0.149023 -1.154845 1.113836 -2.394545 2.075067 -5.059120 -0.701218 1.489714 0.969509 -0.406813 -0.437756 1.117015 0.236512 -0.945939 0.549869 0.805563 0.630400 -0.669575 -2.036294 2.920766 3.442075 -3.217189 0.177222 0.189643 -1.720722 -0.373150 0.898584 0.451501 -0.436530 0.256714 -0.900383 0.507046 -7.439767 -1.318071 0.799319 -0.180047 1.251053 -0.293353 -0.587621 -0.146961 -0.867866 -0.094788 0.157997 -0.035635 6.800087 0.282047 0.442882 2.442823 -0.872588 2.058309 3.846953 -3.417177 -2.763356 0.161650 -1.050679 0.529931 1.326524 -1.037889 -1.279784 0.500681 0.507979 -2.350645 1.163610 3.505759 -6.899594 -3.217189 10.897106 2.242659 1.346137 2.345577 -0.103350 -4.055291 -0.414131 -0.104840 -0.939547 0.866713 0.619454 10.963203 0.059158 -2.635900 1.827898 0.397360 -0.819390 -4.808833 -8.184857 1.727948 0.049793 -2.123397 0.030651 6.132306 0.295350 1.077301 -0.612552 3.130077 -1.791407 -1.477898 -2.854729 0.312327 0.648142 -1.944479 -0.163474 1.571793 -0.067413 -2.462221 0.758034 2.243808 -1.800567 -0.895642 0.505867 -0.806987 0.177222 2.242659 8.731150 0.948483 1.034548 -2.941031 -0.497568 0.035649 -1.082324 0.348358 -3.579069 0.437752 -0.508323 -4.346307 -1.636587 2.451066 4.039560 3.452349 -3.718722 -4.791347 2.076474 0.084607 -0.813778 -0.247310 -6.286998 -0.914114 1.147589 -1.886065 -1.535194 1.419162 1.079261 -2.174461 -0.210871 0.801317 -1.040311 0.700259 1.390319 -1.348327 -0.687066 1.019708 -0.487826 -1.317128 0.358400 0.670938 -0.898893 0.189643 1.346137 0.948483 3.783301 0.123999 -2.462676 -0.622824 -0.126902 0.525766 -0.583861 -3.527353 -2.029168 4.474889 -0.529720 -0.000051 -0.731808 1.221302 -0.146148 -2.393976 -1.466040 2.099367 0.275527 -0.740858 0.198135 2.934795 1.221066 0.543642 -4.253273 4.793402 0.316517 0.536584 -0.697985 -0.875322 -0.389050 0.452996 0.414776 -1.043186 0.124261 1.035833 -0.348344 0.116366 -0.566478 -0.090545 1.694819 -1.548538 -1.720722 2.345577 1.034548 0.123999 2.901480 -0.613860 -0.781842 -0.940770 -2.826626 2.059028 1.671650 0.698516 5.115113 -0.055448 0.011334 -0.551636 -0.485470 0.082973 0.180661 -0.543195 3.467620 -0.157731 -1.929747 0.067644 6.551706 1.138030 -0.567839 -2.897420 0.837232 0.314093 4.665933 0.307032 -0.548177 0.048942 0.124284 -0.686419 -1.059580 0.485384 1.591344 0.208490 -0.091029 -0.002453 -0.729416 0.124219 -0.224735 -0.373150 -0.103350 -2.941031 -2.462676 -0.613860 7.865194 -1.867693 2.829158 -1.360496 -0.561239 3.215146 0.481568 -21.944378 0.953672 -0.656646 -1.471936 -0.759936 -0.089593 2.564114 1.784645 -0.601590 0.109047 3.044852 -0.027676 -7.741624 -0.424952 -0.464211 0.056902 -1.191420 -2.437951 1.281849 3.399632 -0.342528 -0.890239 1.543893 -2.111461 -1.963187 2.968444 0.536721 -1.763961 0.341504 0.987836 -0.630766 -1.623065 2.452648 0.898584 -4.055291 -0.497568 -0.622824 -0.781842 -1.867693 9.473404 -1.784934 4.542117 1.537568 1.698818 0.657453 -2.638130 5.976820 4.709673 0.493989 1.001982 3.230750 2.000618 1.672966 -2.690009 0.014695 -2.894375 -0.055392 -5.631328 0.262425 1.044882 2.136556 -1.255926 0.367977 0.814708 -1.175871 0.132786 0.617626 -0.716482 0.004086 0.421925 -0.760878 -0.102794 0.768381 0.217069 -0.174532 -0.417643 -0.057637 0.445025 0.451501 -0.414131 0.035649 -0.126902 -0.940770 2.829158 -1.784934 2.271071 -0.592257 -0.438987 -0.880784 -0.189020 -11.346523 -1.115722 -1.446502 -0.213544 0.991076 -0.740827 0.022902 -0.162172 0.612220 0.065364 -0.601431 0.063481 -17.818887 0.122840 -0.222010 -0.307619 0.731446 -0.751409 6.050812 2.510985 -1.076686 -0.586366 -0.264922 -0.944108 1.140488 0.530162 -1.486206 -0.362858 -1.104866 -1.028264 0.383872 0.034660 0.376356 -0.436530 -0.104840 -1.082324 0.525766 -2.826626 -1.360496 4.542117 -0.592257 13.542282 -0.367949 -1.769827 -0.287950 4.218316 5.566507 -1.424031 2.366889 -0.031303 -0.662510 -0.014723 -4.037725 -2.696917 0.188134 -0.236752 -0.018259 2.361965 -0.429838 1.385471 0.787045 -2.623096 -2.411769 -0.589024 -0.337205 -0.009667 0.350400 -0.136283 -0.374863 -0.241142 0.067918 0.503600 0.084805 -0.180911 -0.356033 -0.243912 0.514810 0.944701 0.256714 -0.939547 0.348358 -0.583861 2.059028 -0.561239 1.537568 -0.438987 -0.367949 18.690235 0.545052 0.093547 0.762229 0.623761 1.076882 -0.322334 0.600275 -1.936983 0.317768 0.806194 0.948719 0.171838 -0.555219 -0.000630 0.229445 0.137245 -0.982305 0.160738 1.071328 0.860275 -2.899480 1.555959 -0.604075 -2.137757 0.430761 0.109314 -1.523061 1.741835 2.506850 -1.790575 0.538052 2.561230 -0.069583 -0.152193 -0.812431 -0.900383 0.866713 -3.579069 -3.527353 1.671650 3.215146 1.698818 -0.880784 -1.769827 0.545052 14.598471 0.022083 -5.731672 3.589392 1.610380 -3.270515 -4.123449 1.341874 0.132201 -0.630910 -1.976750 -0.096955 -0.945146 -0.025804 -0.056588 0.254414 -0.246505 0.188357 -1.268078 1.410192 -0.053062 0.392823 -0.350974 -0.478492 0.123392 -0.035354 0.057910 0.212933 -0.340993 -0.185974 0.358290 0.223002 -0.108791 -0.280794 0.065747 0.507046 0.619454 0.437752 -2.029168 0.698516 0.481568 0.657453 -0.189020 -0.287950 0.093547 0.022083 31.782569 -0.152667 0.196784 0.899144 0.266843 0.953199 -0.755043 -0.092602 0.883601 -0.012527 -0.017232 -0.332489 0.041679 -0.037086 0.005764 -0.211093 0.123038 -0.115415 -0.202303 -5.017874 3.487958 -1.739183 -3.023407 2.972861 3.844791 1.554328 -2.488007 -3.999038 -2.600339 -2.937931 -0.313475 5.170890 3.606195 -8.798503 -7.439767 10.963203 -0.508323 4.474889 5.115113 -21.944378 -2.638130 -11.346523 4.218316 0.762229 -5.731672 -0.152667 120.383552 -2.622636 1.185530 3.533917 -10.328729 -5.391909 -4.861583 -5.543074 -0.987791 0.038484 3.431943 0.016900 -5.578205 -0.305344 1.622492 -0.874004 -0.676866 0.719818 3.385627 3.291070 -1.356212 -0.512841 1.335021 -2.438184 -2.465961 2.584528 2.987702 -1.384381 -2.379196 0.112414 2.283661 1.265303 -1.030740 -1.318071 0.059158 -4.346307 -0.529720 -0.055448 0.953672 5.976820 -1.115722 5.566507 0.623761 3.589392 0.196784 -2.622636 11.544542 0.924166 2.253753 -0.054151 0.140559 2.864495 2.297589 0.558797 0.036510 1.736022 0.021637 0.590904 0.434697 -2.318549 -0.310107 1.510648 -1.826608 1.065464 2.972697 0.186406 -1.100810 1.051693 -0.852951 -0.916997 1.657060 -0.318449 -1.086882 1.037167 1.315063 -1.159128 -2.309489 1.295031 0.799319 -2.635900 -1.636587 -0.000051 0.011334 -0.656646 4.709673 -1.446502 -1.424031 1.076882 1.610380 0.899144 1.185530 0.924166 6.599329 -2.229686 -0.672919 3.848865 1.298234 2.283282 -1.885718 -0.009751 2.880816 0.019879 2.617383 -0.163343 0.138478 0.122080 0.725877 0.420020 -1.096480 0.784148 -0.118929 0.654763 0.065489 -1.771114 0.145585 0.861506 -1.350478 -0.113004 0.355578 -0.230295 1.259161 0.254118 -0.947281 -0.180047 1.827898 2.451066 -0.731808 -0.551636 -1.471936 0.493989 -0.213544 2.366889 -0.322334 -3.270515 0.266843 3.533917 2.253753 -2.229686 6.166596 2.796497 -0.104463 -0.523859 -2.121141 0.251332 0.058892 0.900277 -0.010210 1.526350 -0.287154 -0.834736 0.070116 -1.567962 -0.877146 -0.531925 -1.794412 0.220507 1.294624 -1.137587 -1.080465 0.749094 0.106615 -1.196699 0.788940 1.153003 -0.835693 -0.311234 -0.149575 0.418300 1.251053 0.397360 4.039560 1.221302 -0.485470 -0.759936 1.001982 0.991076 -0.031303 0.600275 -4.123449 0.953199 -10.328729 -0.054151 -0.672919 2.796497 4.910446 1.206612 -1.681212 -2.062100 1.876459 0.020025 -2.198431 0.076391 2.645516 0.398158 -0.082874 0.118115 2.172116 0.400158 6.372434 4.031074 -0.842138 -2.780632 -0.503279 -0.352553 0.458413 0.987193 -2.175032 -0.384499 1.107369 0.438079 0.660205 -2.317190 -1.207493 -0.293353 -0.819390 3.452349 -0.146148 0.082973 -0.089593 3.230750 -0.740827 -0.662510 -1.936983 1.341874 -0.755043 -5.391909 0.140559 3.848865 -0.104463 1.206612 11.454801 -0.467638 3.637819 0.917265 -0.129617 4.456118 -0.056810 -2.165735 -0.112772 -0.509767 0.702119 -1.259359 -1.047188 2.478973 4.072648 0.287218 -0.750284 2.340232 -0.945178 -3.118054 1.581101 2.571770 -1.190560 -1.130120 1.041263 -0.501024 -0.486781 2.596829 -0.587621 -4.808833 -3.718722 -2.393976 0.180661 2.564114 2.000618 0.022902 -0.014723 0.317768 0.132201 -0.092602 -4.861583 2.864495 1.298234 -0.523859 -1.681212 -0.467638 6.875015 6.242884 2.673766 -0.224711 2.532790 -0.013297 1.560891 -0.007658 -1.642139 2.153843 -3.727325 -1.391836 3.694443 5.156358 0.664723 -1.763605 2.346597 0.781866 -3.053955 -0.152214 3.441852 -0.573609 -3.729674 2.129374 2.676835 -1.669827 2.308629 -0.146961 -8.184857 -4.791347 -1.466040 -0.543195 1.784645 1.672966 -0.162172 -4.037725 0.806194 -0.630910 0.883601 -5.543074 2.297589 2.283282 -2.121141 -2.062100 3.637819 6.242884 17.658836 -2.025761 -0.101347 2.492371 -0.011330 -1.236186 -0.352189 -2.780068 2.632085 0.374946 -1.232491 1.830429 -0.238609 -0.894087 -0.168487 -0.276004 0.028275 -0.366142 -0.505321 0.279979 0.480540 0.649892 -0.676651 -0.395258 1.065821 -0.853605 -0.867866 1.727948 2.076474 2.099367 3.467620 -0.601590 -2.690009 0.612220 -2.696917 0.948719 -1.976750 -0.012527 -0.987791 0.558797 -1.885718 0.251332 1.876459 0.917265 2.673766 -2.025761 20.451315 -0.028043 -0.351461 0.014619 0.293005 0.202730 -0.226956 -0.478085 1.379498 -0.261057 -0.066465 -0.057588 0.043613 0.111457 0.017982 -0.067188 -0.063519 -0.006594 0.042253 0.001061 -0.045654 -0.036785 0.040386 0.073981 -0.076698 -0.094788 0.049793 0.084607 0.275527 -0.157731 0.109047 0.014695 0.065364 0.188134 0.171838 -0.096955 -0.017232 0.038484 0.036510 -0.009751 0.058892 0.020025 -0.129617 -0.224711 -0.101347 -0.028043 121.150061 -0.028126 0.000440 -0.000014 -0.001582 0.024991 -0.022145 -0.013929 -0.123842 -0.722439 3.074639 9.048769 3.932282 -7.832882 -6.969612 2.448202 6.657773 3.046309 -0.531106 -1.532418 -1.386384 -0.280082 -2.350900 -1.820303 0.157997 -2.123397 -0.813778 -0.740858 -1.929747 3.044852 -2.894375 -0.601431 -0.236752 -0.555219 -0.945146 -0.332489 3.431943 1.736022 2.880816 0.900277 -2.198431 4.456118 2.532790 2.492371 -0.351461 -0.028126 85.134731 0.015134 1.199411 -0.000119 -1.150999 0.526242 -0.215562 -0.942915 -0.028431 -0.030234 -0.007697 0.055417 0.087000 0.011470 -0.068573 -0.065162 -0.016892 0.020886 0.050875 0.060365 0.024777 0.006139 -0.031791 -0.035635 0.030651 -0.247310 0.198135 0.067644 -0.027676 -0.055392 0.063481 -0.018259 -0.000630 -0.025804 0.041679 0.016900 0.021637 0.019879 -0.010210 0.076391 -0.056810 -0.013297 -0.011330 0.014619 0.000440 0.015134 145.411756 -0.004594 0.000677 0.053673 -0.013222 0.106187 -0.052638 1.753623 3.225046 0.702237 0.607841 3.658855 3.728036 2.530098 2.050145 1.238852 0.642117 -0.595469 -1.473940 -1.925283 -1.519499 3.041089 6.800087 6.132306 -6.286998 2.934795 6.551706 -7.741624 -5.631328 -17.818887 2.361965 0.229445 -0.056588 -0.037086 -5.578205 0.590904 2.617383 1.526350 2.645516 -2.165735 1.560891 -1.236186 0.293005 -0.000014 1.199411 -0.004594 725.147301 -0.016943 0.266396 0.244652 -0.504145 7.990371 0.626686 0.109613 -0.293842 -0.244827 -0.304143 -0.251157 0.029758 0.259301 0.258395 -0.124550 -0.094799 0.306492 0.277597 -0.156731 -0.149023 0.282047 0.295350 -0.914114 1.221066 1.138030 -0.424952 0.262425 0.122840 -0.429838 0.137245 0.254414 0.005764 -0.305344 0.434697 -0.163343 -0.287154 0.398158 -0.112772 -0.007658 -0.352189 0.202730 -0.001582 -0.000119 0.000677 -0.016943 63.002743 -0.485674 -0.056534 0.120222 0.559548 3.086201 -2.000691 -0.304581 0.956034 -0.131589 -0.238536 0.308895 0.246506 -0.977697 -0.590500 1.613239 1.074349 -1.894203 -2.184052 -1.154845 0.442882 1.077301 1.147589 0.543642 -0.567839 -0.464211 1.044882 -0.222010 1.385471 -0.982305 -0.246505 -0.211093 1.622492 -2.318549 0.138478 -0.834736 -0.082874 -0.509767 -1.642139 -2.780068 -0.226956 0.024991 -1.150999 0.053673 0.266396 -0.485674 13.243633 0.278463 -0.737544 -0.625800 -0.125707 1.744986 -0.121299 -0.984690 0.312807 -0.013596 0.422588 0.667771 -1.036407 -1.335662 -0.102048 1.656967 0.871840 -1.621657 1.113836 2.442823 -0.612552 -1.886065 -4.253273 -2.897420 0.056902 2.136556 -0.307619 0.787045 0.160738 0.188357 0.123038 -0.874004 -0.310107 0.122080 0.070116 0.118115 0.702119 2.153843 2.632085 -0.478085 -0.022145 0.526242 -0.013222 0.244652 -0.056534 0.278463 60.122352 -1.635838 0.017205 2.693888 -3.522488 -0.591678 1.224616 -1.970496 0.847074 1.015047 -2.211153 0.945822 0.970631 -1.105960 -0.265971 1.005576 1.445944 -2.394545 -0.872588 3.130077 -1.535194 4.793402 0.837232 -1.191420 -1.255926 0.731446 -2.623096 1.071328 -1.268078 -0.115415 -0.676866 1.510648 0.725877 -1.567962 2.172116 -1.259359 -3.727325 0.374946 1.379498 -0.013929 -0.215562 0.106187 -0.504145 0.120222 -0.737544 -1.635838 15.297674 -0.264142 -7.984080 -1.765548 1.635712 0.768689 -0.546845 0.242182 0.517529 0.266785 0.219796 0.126786 0.750834 0.464326 -0.621609 -0.511255 2.075067 2.058309 -1.791407 1.419162 0.316517 0.314093 -2.437951 0.367977 -0.751409 -2.411769 0.860275 1.410192 -0.202303 0.719818 -1.826608 0.420020 -0.877146 0.400158 -1.047188 -1.391836 -1.232491 -0.261057 -0.123842 -0.942915 -0.052638 7.990371 0.559548 -0.625800 0.017205 -0.264142 3.560506 